GENEL      10000            1002       3    1003       3    1004       3
              UD            1001       1    1001       2    1001       3
            1001       4    1001       5    1001       6
               Z1.2667-43.1129-44.5900-49.8619-41.5725-32.6903-3


GENEL      20000            1002       5    1003       5    1004       5
              UD            1001       1    1001       2    1001       3
            1001       4    1001       5    1001       6
               Z2.3079-22.3027-22.3027-24.5826-24.5773-26.4138-2
