GENEL      30000            2001       3
              UD            2000       1    2000       2    2000       3
            2000       4    2000       5    2000       6
               Z1.5932-3


GENEL      40000            2001       5
              UD            2000       1    2000       2    2000       3
            2000       4    2000       5    2000       6
               Z6.6336-3

GENEL      70000            2001       4
              UD            2000       1    2000       2    2000       3
            2000       4    2000       5    2000       6
               Z4.3772-2

GENEL      80000            2001       2
              UD            2000       1    2000       2    2000       3
            2000       4    2000       5    2000       6
               Z1.5932-3

GENEL      90000            2001       6
              UD            2000       1    2000       2    2000       3
            2000       4    2000       5    2000       6
               Z6.6336-3


