GENEL        100               2       3       4       3       6       3
$              UD               1       1       1       2       1       3
$               1       4       1       5       1       6
               Z1.0263-42.5291-44.0318-48.0637-41.4075-32.7124-3




GENEL        200               2       5       4       5       6       5
$              UD               1       1       1       2       1       3
$               1       4       1       5       1       6
               Z2.1499-22.1447-22.1447-24.2806-24.2754-26.4313-2
