GENEL        100               2       3       3       3       4       3
$              UD               1       1       1       2       1       3
$               1       4       1       5       1       6
               Z1.3176-43.2393-44.7768-41.0263-31.6366-32.8000-3


GENEL        200               2       5       3       5       4       5
$              UD               1       1       1       2       1       3
$               1       4       1       5       1       6
               Z2.3133-22.3080-22.3080-24.5931-24.5878-26.4286-2
