GENEL        100               2       3       3       3       4       3
               5       3       6       3       7       3                
$              UD               1       1       1       2       1       3
$               1       4       1       5       1       6
               Z1.6815-54.0069-56.3146-58.6224-51.0469-41.2315-41.2666-4
        2.1897-43.1128-43.8514-44.5899-44.1935-46.2600-47.9132-49.5665-4
        9.8619-41.2793-31.5725-31.6981-32.1197-32.6903-3                


GENEL        200               2       5       3       5       4       5
               5       5       6       5       7       5                
$              UD               1       1       1       2       1       3
$               1       4       1       5       1       6
               Z1.1547-21.1494-21.1494-21.1494-21.1494-21.1494-22.3041-2
        2.2989-22.2989-22.2989-22.2989-23.4396-23.4343-23.4343-23.4343-2
        4.5890-24.5838-24.5838-25.5002-25.4949-26.4313-2                
