GENEL        100               2       3       3       3       4       3
               5       3       6       3       7       3
$              UD               1       1       1       2       1       3
$               1       4       1       5       1       6
               Z1.3738-53.2519-55.1303-57.0087-58.8870-51.0765-41.0263-4
        1.7777-42.5291-43.2805-44.0318-43.4179-45.1085-46.7992-48.4898-4
        8.0637-41.1069-31.4075-31.5715-32.0411-32.7124-3


GENEL        200               2       5       3       5       4       5
               5       5       6       5       7       5
$              UD               1       1       1       2       1       3
$               1       4       1       5       1       6
               Z1.0706-21.0653-21.0653-21.0653-21.0653-21.0653-22.1499-2
        2.1447-22.1447-22.1447-22.1447-23.2153-23.2100-23.2100-23.2100-2
        4.2806-24.2754-24.2754-25.3600-25.3547-26.4313-2


