0.000000  0.000000  250.000000 
0.000000  0.122500  249.210000 
0.000000  0.505000  246.890000 
0.000000  1.155000  243.157500 
0.000000  2.030000  238.117500 
0.000000  3.082500  231.842500 
0.000000  4.292500  224.150000 
0.000000  5.640000  215.947500 
0.000000  7.087500  206.560000 
0.000000  8.582500  196.380000 
0.000000  10.072500  185.527500 
0.000000  11.507500  174.125000 
0.000000  12.840000  162.287500 
0.000000  14.020000  150.132500 
0.000000  15.012500  137.770000 
0.000000  15.790000  125.305000 
0.000000  16.350000  112.842500 
0.000000  16.695000  100.507500 
0.000000  16.830000  88.435000 
0.000000  16.750000  76.757500 
0.000000  16.442500  65.607500 
0.000000  15.892500  55.100000 
0.000000  15.077500  45.322500 
0.000000  14.000000  36.347500 
0.000000  12.677500  28.227500 
0.000000  11.155000  21.015000 
0.000000  9.487500  14.780000 
0.000000  7.722500  9.595000 
0.000000  5.880000  5.522500 
0.000000  3.970000  2.590000 
0.000000  2.032500  0.767500 
0.000000  0.192500  0.007500 
0.000000  0.000000  0.000000 
0.000000  -1.340000  0.480000 
0.000000  -2.647500  2.305000 
0.000000  -3.837500  5.385000 
0.000000  -4.797500  9.687500 
0.000000  -5.500000  15.230000 
0.000000  -5.957500  22.017500 
0.000000  -6.230000  30.002500 
0.000000  -6.355000  39.072500 
0.000000  -6.340000  49.117500 
0.000000  -6.202500  60.005000 
0.000000  -5.932500  71.610000 
0.000000  -5.515000  83.785000 
0.000000  -4.917500  96.417500 
0.000000  -4.137500  109.422500 
0.000000  -3.210000  122.707500 
0.000000  -2.190000  136.162500 
0.000000  -1.152500  149.657500 
0.000000  -0.170000  163.032500 
0.000000  0.690000  176.115000 
0.000000  1.365000  188.727500 
0.000000  1.792500  200.672500 
0.000000  1.920000  211.722500 
0.000000  1.775000  221.622500 
0.000000  1.445000  230.182500 
0.000000  1.030000  237.272500 
0.000000  0.622500  242.822500 
0.000000  0.290000  246.802500 
0.000000  0.075000  249.197500 
0.000000  0.000000  250.000000 
