GENEL        100               2       3       3       3       4       3
              UD               1       1       1       2       1       3
               1       4       1       5       1       6
               Z1.9054-44.6770-46.8943-41.4812-32.3614-34.0397-3


GENEL        200               2       5       3       5       4       5
              UD               1       1       1       2       1       3
               1       4       1       5       1       6
               Z3.8742-23.8648-23.8648-27.6919-27.6826-21.0767-1
