     130  0.1092       0
   123.5  0.6981       0
     117  1.2545       0
     104   2.274       0
      91   3.176       0
      78   3.956       0
      65   4.588       0
      52   5.030       0
      39   5.201       0
    32.5   5.149       0
      26   4.973       0
    19.5   4.633       0
      13   4.057       0
    9.75    3.64       0
     6.5   3.080       0
    3.25   2.266       0
   1.625   1.642       0
       0       0       0
   1.625  -1.642       0
    3.25  -2.266       0
     6.5  -3.080       0
    9.75   -3.64       0
      13  -4.057       0
    19.5  -4.633       0
      26  -4.973       0
    32.5  -5.149       0
      39  -5.201       0
      52  -5.030       0
      65  -4.588       0
      78  -3.956       0
      91  -3.176       0
     104  -2.274       0
     117 -1.2545       0
   123.5 -0.6981       0
     130 -0.1092       0
