GENEL        300              11       3
$              UD              10       1      10       2      10       3
$              10       4      10       5      10       6
               Z1.9910-3


GENEL        400              11       5
$              UD              10       1      10       2      10       3
$              10       4      10       5      10       6
               Z8.2891-3


GENEL        700              11       4
$              UD              10       1      10       2      10       3
$              10       4      10       5      10       6
               Z5.5903-2
