GENEL        100               2       3       3       3       4       3
$              UD               1       1       1       2       1       3
$               1       4       1       5       1       6
               Z1.5837-43.8910-45.7369-41.2326-31.9653-33.3622-3


GENEL        200               2       5       3       5       4       5
$              UD               1       1       1       2       1       3
$               1       4       1       5       1       6
               Z2.9696-22.9628-22.9628-25.8963-25.8895-28.2527-2
