99.858557  0.000000  12.317481 
94.841701  0.000000  12.508180 
89.826154  0.000000  12.673914 
79.798827  0.000000  12.933480 
69.776211  0.000000  13.103169 
59.758514  0.000000  13.178987 
49.746783  0.000000  13.140961 
39.742694  0.000000  12.957136 
29.749490  0.000000  12.565595 
24.758436  0.000000  12.263970 
19.772406  0.000000  11.866477 
14.792918  0.000000  11.344155 
9.822955  0.000000  10.640082 
7.343181  0.000000  10.188682 
4.869164  0.000000  9.627433 
2.405352  0.000000  8.871451 
1.182187  0.000000  8.326689 
0.000000  0.000000  7.000000 
1.314387  0.000000  5.804151 
2.587795  0.000000  5.390229 
5.117132  0.000000  4.895926 
7.636262  0.000000  4.596357 
10.149636  0.000000  4.406637 
15.165968  0.000000  4.225924 
20.172776  0.000000  4.226961 
25.173041  0.000000  4.352827 
30.168282  0.000000  4.574562 
40.147669  0.000000  5.229741 
50.116170  0.000000  6.092634 
60.077030  0.000000  7.101328 
70.031924  0.000000  8.223865 
79.981898  0.000000  9.440273 
89.927162  0.000000  10.746559 
94.897910  0.000000  11.435652 
99.867350  0.000000  12.149711 
