GENEL        300              11       3
$              UD              10       1      10       2      10       3
$              10       4      10       5      10       6
               Z1.6582-3


GENEL        400              11       5
$              UD              10       1      10       2      10       3
$              10       4      10       5      10       6
               Z6.9031-3


GENEL        700              11       4
$              UD              10       1      10       2      10       3
$              10       4      10       5      10       6
               Z4.4097-2
